 201423169349305042
 201423169349305052
 201423169349305057
 201423169349305062
 201423169349305102
 201423169349305112
 201423169349305117
 201423169349305122
 201423179349303407
 201423179349303432
 201433149349302388
 201433149349302393
 201433149349302403
 201433149349302408
 201433149349302423
 201433149349302453
 201433149349302463
 201433149349302473
 201433149349302483
 201433149349302488
 201433149349302503
 201433149349302513
 201433149349302523
 201433149349302528
 201433149349302543
 201433149349302553
 201433149349302563
 201433149349302573
 201423179349301417
 201423179349301422
 201423179349301427
 201423179349301432
 201423179349301442
 201423179349301447
 201423179349301452
 201423179349301457
 201423179349301462
 201423179349301467
 201423179349301472
 201423179349304517
 201423179349304522
 201423179349304532
 201423179349304547
 201423179349304607
 201423179349304622
 201423179349304627
 201433119349300713
 201433119349300718
 201433119349300743
 201433119349300803
 201433119349300808
 201433119349300818
 201433119349300828
 201433119349300833
 201433149349300018
 201433149349300033
 201433149349300043
 201433149349300108
 201433149349300113
 201433149349300123
 201433149349300128
 201433149349302703
 201433149349302708
 201433149349302718
 201433149349302723
 201433149349302733
 201433149349302753
 201433149349302758
 201433149349302778
 201433149349302783
 201433149349302798
 201433149349302803
 201433149349302818
 201433149349302823
 201433149349302838
 201433159349301633
 201433159349301643
 201433159349301658
 201433159349301663
 201423179349303107
 201423179349303112
 201423179349303117
 201423179349303122
 201423179349303127
 201423179349303137
 201423179349303142
 201423179349303147
 201423179349303152
 201423179349303157
 201423179349303162
 201423179349303167
 201423179349303172
 201423179349303177
 201423179349303192
 201423179349303197
 201423179349303207
 201423179349303212
 201423179349303222
 201423179349303237
 201433149349300138
 201433149349300148
 201433149349300208
 201403119349302000
 201403119349302010
 201403119349302020
 201403119349302025
 201403119349302030
 201403119349302050
 201403119349302055
 201403119349302060
 201403119349302065
 201403119349302070
 201403119349302105
 201403119349302110
 201403119349302200
 201403119349302215
 201403119349302265
 201403149349302005
 201403149349302015
 201403149349302025
 201403149349302030
 201403149349302045
 201403149349302050
 201403149349302065
 201403159349301050
 201403159349301070
 201403159349301085
 201403159349301095
 201403159349301115
 201403159349301120
 201403159349301135
 201403159349301140
 201403159349301160
 201423169349302602
 201423169349302607
 201423169349302617
 201423169349302627
 201423169349302632
 201423169349302642
 201423169349302647
 201423169349302707
 201423179349306772
 201423179349306777
 201423179349306787
 201423179349306802
 201433149349302263
 201433149349302273
 201433149349302278
 201433149349302303
 201433149349302308
 201433149349302318
 201433149349302323
 201433149349302328
 201433149349302333
 201433149349302348
 201433149349302358
 201433149349302368
 201433149349302378
 201433159349301173
 201433159349301178
 201433159349301198
 201433159349301208
 201433159349301218
 201433159349301223
 201423169349302717
 201423169349302997
 201423169349303002
 201423169349303012
 201423169349303017
 201423169349303027
 201423169349303032
 201423169349303037
 201423169349303042
 201423169349303052
 201423169349303057
 201423169349303062
 201423169349303067
 201423169349303082
 201423169349303087
 201423169349303097
 201423169349303107
 201423169349303117
 201423169349303127
 201423169349303132
 201433159349301238
 201433159349301248
 201433159349301303
 201433159349301308
 201423169349303137
 201423179349301492
 201423179349301497
 201423179349301502
 201423179349301507
 201433159349303028
 201433159349303038
 201433159349303048
 201433169349300633
 201433169349300638
 201433169349300648
 201433169349300703
 201433169349300718
 201433169349300733
 201433169349300803
 201433169349300813
 201433169349300818
 201433169349300828
 201433169349300833
 201433169349300843
 201433169349300853
 201433169349300858
 201433169349300868
 201433169349300873
 201423179349304822
 201423179349304837
 201423179349304842
 201423179349304847
 201423179349304862
 201423179349304867
 201423179349304877
 201423179349304887
 201423179349304897
 201423179349304912
 201423179349304922
 201423179349304937
 201423179349304947
 201423179349304952
 201423179349305007
 201423179349305012
 201423179349305022
 201423179349305027
 201433119349300953
 201423169349300712
 201423169349300722
 201423169349300737
 201423169349300747
 201423169349300802
 201423169349300807
 201423169349300812
 201423169349300817
 201423169349300822
 201423169349300827
 201423169349300837
 201423169349300842
 201423169349300857
 201423169349300862
 201423169349300872
 201423169349300882
 201423169349300897
 201423169349300902
 201423169349300912
 201423169349304682
 201423169349304687
 201423169349304712
 201433119349300983
 201423149349301427
 201423149349301432
 201423149349301437
 201423149349301452
 201423149349301457
 201423149349301462
 201423149349301467
 201423149349301472
 201423149349302862
 201423149349302887
 201423149349302897
 201423149349302907
 201423149349302912
 201423149349302917
 201423149349302937
 201423149349303057
 201423149349303072
 201423149349303077
 201423149349303112
 201423149349303157
 201423159349301007
 201423159349301012
 201423159349301032
 201423169349303262
 201423169349303267
 201423169349303272
 201423169349303287
 201423169349303302
 201423169349303312
 201423169349303327
 201423169349303332
 201423169349303342
 201423169349303347
 201423179349301717
 201423179349301722
 201423179349301727
 201423179349301742
 201423179349301747
 201423179349301757
 201423179349301762
 201423179349301767
 201423179349301772
 201423179349301777
 201423179349301782
 201423179349301787
 201423179349301802
